4572103
4572644
4574331
4576863
4601587
4605056
4608803
4609209
4614377
4615423
4616698
4618671
4625064
4631640
4637427
4642230
4646292
4648651
4652531
4652990
4657935
4667492
4668626
4670388
4673750
4682386
4693381
4697123
4699841
4705150
4722388
4722755
4726767
4727691
4741325
4741831
4742953
4746022
4754492
4759044
4759892
4769245
4770247
4776225
4777026
4781104
4783589
4784541
4792225
4793083
4795474
4798040
4801085
4810786
4811003
4814163
4815194
4817185
4826654
4829180
4830820
4832350
4833578
4835086
4842114
4847436
4848482
4855230
4861765
4863584
4863697
4863734
4868242
4871434
4871968
4873206
4873278
4874409
4875660
4877871
4888364
4895744
4897158
4899222
4907707
4910126
4916736
4917509
4928401
4933575
4944297
4944583
4957992
4974928
4976288
4985298
4985961
4989445
4992238
4999505
5018627
5021273
5027870
5028244
5063062
5068899
5075663
5079398
5082926
5085016
5097378
5102266
5112658
5112728
5118882
5121851
5130025
5133776
5136406
5138988
5140615
5146754
5148501
5149324
5157781
5160759
5168434
5178000
5184155
5189235
5190680
5203702
5205194
5205854
5207346
5212127
5225278
5248133
5251451
5269710
5280423
5283149
5286674
5288867
5292348
5301522
5302247
5305571
5315341
5333902
5337530
5339299
5342510
5346308
5348049
5353901
5354596
5354687
5359207
5377149
5382791
5389869
5399153
5400937
5406906
5409174
5413478
5418634
5421392
5421986
5422567
5423610
5426447
5430917
5437703
5440817
5446767
5450958
5452990
5457580
5460423
5474469
5487805
5489137
5495860
5500089
5500180
5501851
5509008
5510123
5515175
5515266
5519960
5531323
5532388
5535335
5535730
5543006
5547313
5553835
5554316
5556226
5556477
5563222
5577067
5578164
5580639
5583153
5585685
5586156
5586888
5591271
5591688
5597123
5599172
5606187
5607714
5611773
5614807
5615659
5615762
5617025
5629824
5640697
5642299
5652403
5656041
5671573
5672688
5672735
5678428
5678927
5680039
5684108
5691217
5693391
5698261
5700541
5704117
5705219
5705420
5706504
5714267
5716017
5717717
5754966
5755733
5760273
5763282
5773838
5774630
5779333
5784340
5791305
5793859
5795204
5799907
5801189
5806878
5814632
5815587
5819859
5823152
5826262
5830101
5833751
5850342
5853465
5871947
5874824
5882361
5887689
5891337
5893448
5894692
5898003
5900608
5900790
5924751
5933246
5939774
5945419
5948947
5961595
5962164
5972798
5980014
5981723
5993580
5995760
6003064
6003897
6013790
6026510
6038985
6045312
6046010
6046519
6047885
6055576
6066989
6069760
6072955
6073907
6076540
6077932
6097102
6101387
6112134
6114393
6118254
6130047
6132617
6133651
6134097
6136152
6141891
6150553
6154888
6157254
6166710
6167417
6209398
6209753
6211939
6216554
6216718
6224663
6228951
6232991
6236258
6242275
6242623
6263823
6285116
6286040
6296370
6297918
6298468
6301478
6303982
6311801
6321427
6322344
6326099
6328555
6336139
6338875
6341574
6346387
6347992
6356113
6371787
6377008
6386373
6391943
6396524
6402731
6406043
6407786
6411204
6416614
6416834
6417170
6419404
6423522
6428411
6428913
6434088
6442718
6444540
6448498
6467404
6491846
6493231
6493423
6501767
6503473
6509363
6509426
6510124
6523218
6525269
6531015
6535124
6547439
6558265
6558378
6565620
6572000
6596310
6597592
6599244
6599866
6599986
6604510
6608983
6612373
6622225
6632737
6637820
6641087
6641524
6645803
6660593
6669487
6682952
6689609
6704199
6707808
6709436
6713347
6717912
6721851
6725571
6730974
6731295
6731618
6732803
6734110
6734157
6734691
6735621
6743425
6744581
6745256
6747204
6763666
6765654
6765764
6770125
6779829
6797171
6797397
6810328
6813715
6819263
6823164
6828106
6829014
6842438
6859795
6859902
6862139
6864213
6878039
6880294
6891654
6893084
6902738
6907350
6910727
6912788
6914044
6922244
6925508
6925895
6926004
6928147
6932297
6932938
6940173
6941285
6944367
6949519
6949931
6957006
6957103
6963261
6968004
7003294
7010322
7010422
7014591
7014836
7015898
7019615
7019885
7020215
7022725
7022929
7023821
7029903
7034955
7040823
7046130
7047766
7051178
7052545
7062755
7064913
7068513
7076556
7080580
7082453
7099681
7106574
7110391
7110790
7111808
7120601
7130550
7136350
7146243
7149940
7153971
7155416
7161941
7164571
7165447
7173606
7173942
7176788
7178642
7187332
7195198
7197246
7207127
7216885
7222294
7222615
7223944
7227271
7227283
7229979
7230133
7231804
7232225
7234952
7234999
7242831
7253729
7260242
7272305
7275193
7276393
7284331
7291255
7307563
7324101
7324830
7325112
7325998
7329350
7338200
7351599
7354615
7356346
7358055
7372365
7377272
7385733
7387407
7394837
7405170
7411305
7415050
7416652
7418851
7423209
7427161
7434107
7434669
7436953
7468353
7476254
7480188
7485293
7485701
7492135
7495924
7505776
7516621
7517805
7530739
7534811
7543340
7544970
7559491
7565667
7567964
7572158
7576914
7589298
7592440
7610799
7620969
7626156
7626344
7636714
7638172
7638339
7639542
7649673
7653048
7657348
7657763
7658464
7677442
7678004
7687033
7687178
7692393
7711151
7715581
7724660
7726850
7727261
7731286
7737911
7738474
7753437
7763355
7769079
7771256
7777269
7778413
7783628
7786656
7800319
7802609
7803392
7808669
7813470
7815625
7815760
7830035
7833576
7834531
7834600
7835700
7836099
7843764
7847123
7851351
7852115
7857719
7860952
7867766
7871175
7887957
7908714
7920479
7929077
7936718
7940381
7941974
7965284
7978099
7995010
7998158
7999553
8012141
8015603
8017912
8030139
8032662
8037048
8042687
8048310
8053057
8053239
8058360
8063264
8069491
8091617
8091975
8096719
8107287
8110680
8111484
8115038
8115157
8116238
8116291
8121044
8122310
8123696
8130004
8130491
8136828
8138267
8151659
8161986
8166202
8171109
8178934
8179990
8183942
8186744
8193185
8196317
8202402
8210090
8213552
8225160
8225647
8244003
8250597
8254242
8256522
8264609
8273829
8285431
8285601
8293420
8308453
8318164
8320919
8330607
8341766
8342929
8354936
8367439
8367760
8368903
8370006
8370876
8371778
8376261
8384567
8394206
8404661
8405214
8409392
8409832
8410448
8413662
8414215
8415631
8425791
8430755
8445046
8445841
8449897
8450688
8458756
8460151
8462479
8471618
8484429
8490141
8493687
8500112
8505415
8507159
8514928
8522995
8528085
8539750
8541873
8546975
8553906
8557500
8571439
8583923
8588790
8599082
8612707
8619238
8619904
8624130
8637591
8638757
8639046
8643893
8650824
8652652
8660729
8666459
8667069
8688042
8689622
8696154
8696760
8702572
8706954
8714849
8720046
8733071
8735125
8736583
8741201
8741898
8770025
8772472
8773148
8781178
8784539
8786365
8801328
8803021
8809967
8816291
8837271
8837450
8843730
8851798
8851967
8854286
8855838
8857346
8863208
8871854
8880499
8880681
8882733
8897219
8900096
8902625
8908070
8911061
8912735
8914183
8922641
8934362
8935219
8941848
8945244
8955360
8957540
8970025
8971172
8991957
9000828
9035267
9037818
9038116
9039693
9040391
9053419
9070993
9074037
9083440
9085328
9085350
9087464
9092522
9098633
9099148
9109707
9116744
9118318
9132574
9138634
9141534
9151195
9155282
9155869
9157965
9165859
9167864
9169152
9178863
9197960
9199016
9313929
9324004
9513499
9701011
9710596
9725148
9786707
9799795
9820275
10523791
10671725
10824664
10938764
10950045
11030275
11069093
11116267
11645038
11727772
11794977
11933876
12026176
12139308
12357828
12384779
12395791
12396852
12400242
12401072
12401144
12405416
12411822
12413550
12421737
12427442
12430920
12433518
12435708
12435890
12437461
12438604
12438934
12441818
12455028
12457985
12470190
12472134
12474293
12504461
12507015
12509434
12518259
12519035
12525620
12525695
12527279
12530147
12531674
12533172
12539163
12544432
12558795
12566750
12569524
12571918
12574001
12580431
12585508
12588034
12591342
12594565
12607110
12607861
12609871
12611065
12615130
12617618
12629808
12632293
12632789
12636204
12637011
12637338
12637835
12650966
12651610
12662405
12674249
12675496
12678634
12680070
12685819
12702793
12733766
12752126
12754033
12759021
12771833
12773482
12785043
12787761
12789454
12809771
12816868
12818153
12826355
12828027
12835029
12848346
12853665
12859219
12977906
12990730
13005558
13006526
13010770
13014716
13024213
13026132
13028567
13029246
13032082
13032101
13033383
13044963
13046270
13062100
13062364
13072970
13076699
13089329
13092357
13103337
13112152
13134203
13134373
13147712
13148639
13153433
13159892
13165242
13172483
13197503
13210666
13214021
13224163
13231030
13232459
13240002
13250599
13270696
13273278
13305385
13306431
13310113
13310261
13323971
13328620
13334203
13336698
13340317
13349911
13354262
13354608
13358620
13360599
13365993
13369637
13377658
13380425
13394848
13399869
13408825
13414618
13445409
13453716
13471202
13473429
13482150
13483796
13493598
13494101
13495810
13496196
13496567
13500956
13501226
13502618
13508018
13509284
13521178
13525934
13540354
13543961
13545899
13548573
13553694
13554554
13557768
13573237
13586869
13591974
13592929
13596463
13599514
13599954
13605392
13606554
13610695
13611150
13618913
13626173
13627408
13631696
13636613
13637995
13638598
13638991
13640986
13656929
13659207
13662594
13670668
13681415
13686658
13688776
13691515
13692819
13695913
13696049
13696350
13698078
13705605
13707723
13707770
13710701
13726739
13727091
13729667
13741253
13741366
13743370
13748303
13751108
13756421
13762927
13764802
13765924
13773973
13778566
13778698
13780495
13781575
13781877
13784082
13790714
13794041
13801311
13802118
13802244
13814936
13822347
13823066
13827848
13828837
13832296
13832856
13840037
13841932
13842362
13852845
13858208
13868745
13869929
13884170
13903152
13913296
13949713
13951331
13955199
13964152
13965292
13965600
13967793
13973894
13981399
13988443
13995050
13995304
13995483
13995854
14002388
14009429
14016381
14017273
14025338
14025583
14028187
14028947
14034112
14036644
14037590
14039814
14044564
14053197
14053442
14063558
14067259
14069285
14073165
14073954
14081440
14083979
14091965
14106818
14109479
14116321
14121634
14125696
14150552
14160835
14175468
14187526
14189021
14192882
14194223
14210387
14220148
14224546
14228618
14231527
14233270
14234166
14235294
14239557
14245017
14251777
14255387
14256785
14263951
14271504
14272999
14276986
14280331
14283800
14285493
14290482
14297736
14309064
14325055
14327000
14327757
14332787
14334901
14338052
14340348
14346119
14346606
14347250
14355161
14360703
14372528
14375434
14389932
14392392
14392571
14392709
14412753
14413035
14416881
14431046
14437508
14440587
14446632
14455507
14457467
14460731
14470976
14481418
14493818
14494092
14496847
14503733
14513984
14515373
14517726
14521621
14522341
14522492
14536129
14536299
14542064
14543949
14543986
14552554
14556788
14559116
14560370
14562560
14564174
14567250
14589238
14590601
14597016
14599627
14600742
14607846
14615536
14619234
14619403
14620349
14620770
14625187
14627245
14631587
14639497
14640898
14642965
14644810
14655730
14660549
14672635
14677777
14678550
14681318
14691839
14706495
14708270
14708540
14713422
14719818
14726035
14732598
14742168
14742642
14747961
14760210
14761246
14764052
14764325
14765971
14772123
14775525
14776379
14784670
14794406
14797083
14801500
14803136
14804651
14808732
14814182
14816809
14830186
14831461
14839032
14841718
14842469
14846305
14847678
14849158
14851379
14852792
14867074
14885631
14889339
14889527
14894400
14897909
14903661
14913510
14914223
14914528
14922872
14930013
14931876
14933227
14946475
14952315
14953414
14968202
14975871
14979901
14983944
14985713
14989144
14992480
15004425
15006884
15007302
15007887
15008823
15009058
15009102
15009429
15011537
15011842
15015775
15030437
15033767
15039412
15043223
15043465
15046343
15052466
15059421
15063948
15070423
15071746
15075688
15080910
15085446
15087476
15088157
15088739
15111327
15114094
15121471
15122498
15123431
15125068
15128404
15138112
15149607
15151712
15156845
15158994
15161190
15168171
15169047
15175836
15179465
15195512
15205772
15210736
15213991
15217465
15218219
15219570
15247040
15252032
15262202
15263028
15267649
15267882
15269773
15274803
15275277
15279958
15280181
15287733
15300381
15304525
15307221
15307711
15308078
15318197
15332102
15335049
15337226
15339036
15342284
15351435
15358963
15366245
15367828
15369267
15392132
15418782
15420356
15433962
15463053
15464822
15466433
15486794
15498220
15513413
15522420
15525929
15530553
15536934
15541778
15552997
15553057
15557097
15557860
15573904
15578371
15581026
15581353
15581384
15585120
15594937
15596897
15600463
15609948
15612631
15614745
15637242
15642648
15655117
15679788
15687363
15690140
15698418
15700520
15703046
15703840
15705091
15715266
15716325
15727126
15733299
15734823
15734926
15735589
15736020
15746111
15748897
15750597
15753807
15756252
15766047
15771529
15776226
15786942
15787947
15792829
15794287
15796153
15803985
15805817
15806341
15813391
15820617
15823441
15830582
15847791
15848806
15855768
15857445
15870496
15871168
15882120
15884501
15886775
15895496
15900796
15901425
15902043
15904956
15907466
15908788
15909027
15910680
15911701
15919806
15920177
15924732
15938869
15947537
15951483
15956908
15957794
15960009
15966544
15966833
15974011
15975375
15978881
15979223
15980498
15981224
15985029
15990555
15992286
16011126
16011666
16016416
16018509
16018678
16021540
16025957
16027380
16032225
16037811
16042096
16046585
16057691
16065479
16075023
16083785
16097124
16097479
16101428
16101670
16110375
16112826
16119369
16120136
16124242
16126243
16130227
16131493
16134829
16142529
16157100
16163440
16164552
16166927
16169117
16181183
16191233
16208713
16214651
16216573
16222348
16241844
16260549
16270527
16281388
16292726
16304202
16306313
16335187
16344879
16356290
16359730
16361244
16363163
16375023
16381743
16391243
16412907
16418766
16420221
16423183
16437930
16452538
16468991
16469509
16469572
16471052
16471702
16505163
16512618
16524098
16562095
16578705
16594356
16637286
16644820
16695977
16698041
16702188
16706778
16709621
16728618
16737088
16741377
16759196
16764816
16767907
16779101
16781752
16793156
16821905
16832360
16836821
16847179
16859497
16869023
16875497
16914632
16918631
16919002
16920215
16920545
16921638
16944606
16969701
16983219
17016734
17062761
17070967
17076858
17082478
17084841
17087373
17121095
17122562
17125226
17162557
17170320
17197548
17207699
17213690
17240620
17250638
17250710
17271926
17281112
17285356
17290021
17296706
17299600
17315631
17329329
17336498
17348153
17360220
17366855
17373317
17384093
17388523
17405654
17416813
17424733
17429546
17432543
17434396
17440648
17487162
17491975
17495751
17500260
17514438
17514896
17516499
17531807
17537968
17541556
17549513
17551995
17556554
17559152
17563321
17565017
17576138
17577087
17578950
17585387
17600081
17602229
17606986
17611199
17612682
17614576
17615424
17616747
17632159
17634566
17645803
17647365
17651735
17654336
17661499
17665752
17666324
17673732
17676666
17684699
17686267
17687134
17688092
17695453
17711007
17713351
17716210
17719464
17721717
17726991
17735599
17735703
17741440
17752457
17754452
17770402
17770609
17770650
17770716
17770920
17786754
17787093
17787294
17797439
17804042
17806398
17814724
17822801
17823065
17825622
17842819
17869802
17876937
17878140
17911004
17912078
17929587
17945521
17948144
17948625
17953607
17960776
17961050
17970663
17971301
17977954
17983694
17988146
17997511
17997549
17999041
18000646
18003747
18010511
18010806
18022182
18023526
18027636
18028443
18031167
18031192
18053098
18062366
18069758
18069943
18070829
18071847
18085133
18104586
18113992
18114177
18114410
18118512
18124890
18129693
18133454
18138851
18140036
18148468
18149998
18157873
18159479
18168806
18183968
18187587
18187873
18198124
18198353
18209502
18211312
18217360
18228047
18230542
18231754
18244402
18244993
18248015
18272548
18276842
18280653
18285821
18288608
18291259
18293295
18294479
18294759
18298739
18302079
18302641
18304781
18304909
18306411
18317699
18318657
18329844
18336734
18337836
18338493
18339524
18341305
18351700
18353607
18353896
18359306
18360635
18367556
18380634
18387995
18389289
18391536
18394618
18400169
18405670
18412302
18413228
18416543
18420869
18423652
18426536
18430828
18439442
18444101
18446994
18448923
18453472
18457578
18470478
18475488
18475683
18476773
18487109
18487668
18489710
18495815
18496738
18515607
18515625
18516879
18518893
18531201
18538122
18538408
18538946
18540931
18553067
18555197
18559435
18559916
18571499
18573176
18575108
18576764
18578005
18579152
18587612
18589641
18592261
18595042
18597941
18599874
18601972
18604253
18604335
18609462
18612594
18616339
18617309
18625597
18626514
18629891
18631437
18632282
18632841
18637529
18639816
18640325
18642159
18651226
18654930
18655445
18657051
18657073
18657563
18664144
18666730
18671068
18671370
18679441
18680248
18680440
18681520
18686679
18687163
18687310
18688228
18691633
18691636
18692422
18698843
18699625
18699666
18702296
18706185
18707495
18716028
18719270
18731242
18733215
18734145
18737199
18739351
18748524
18751650
18758728
18760381
18773824
18775746
18776211
18776846
18779818
18780188
18781319
18782117
18784068
18790059
18790097
18792023
18804683
18810172
18810175
18813562
18815092
18817438
18822465
18822779
18822861
18824350
18829533
18830598
18831315
18831374
18831607
18832204
18832835
18837196
18840237
18842046
18843708
18844236
18851289
18856982
18862156
18873503
18876579
18878479
18884134
18886220
18887285
18891285
18892123
18895698
18899362
18903945
18906462
18906971
18908793
18909653
18916499
18919279
18929065
18934481
18934632
18936806
18938305
18940592
18941688
18943240
18945923
18953149
18954905
18956089
18966642
18973893
18979997
18981357
18981436
18982548
18988718
18991756
18992236
18993738
18994932
18995020
18996848
19006427
19018802
19019085
19027419
19032248
19034403
19041192
19045995
19053410
19055433
19056407
19060896
19063123
19067157
19072281
19074169
19075281
19078244
19081423
19082381
19087304
19094546
19096811
19097957
19098074
19104809
19112871
19118921
19124476
19129332
19130724
19135352
19143690
19152662
19166193
19169966
19199927
19202139
19205095
19212786
19218139
19220633
19220926
19223957
19227982
19228968
19229719
19232474
19234252
19235283
19243778
19246897
19254085
19256014
19258408
19259162
19260177
19260821
19261804
19264682
19264713
19265297
19269561
19271169
19271263
19286129
19288420
19295039
19295859
19301039
19302918
19308526
19312098
19313923
19316220
19322503
19326430
19335562
19340294
19343884
19348465
19348920
19350648
19353451
19354531
19356909
19364333
19366108
19367704
19369312
19382856
19384401
19394407
19396789
19397486
19398595
19403977
19422694
19425647
19427517
19428751
19431246
19432213
19432638
19433410
19445622
19448735
19452477
19459539
19461795
19462225
19467277
19472294
19472636
19473949
19479658
19479780
19481335
19485259
19486689
19493292
19494310
19502038
19502463
19509629
19511306
19518783
19519078
19520916
19524495
19528161
19533005
19534457
19534843
19540960
19544095
19544909
19547205
19547268
19549030
19549392
19552430
19554933
19555480
19562841
19565395
19573610
19575445
19577465
19583858
19588951
19590317
19592617
19594662
19595017
19600304
19601467
19608570
19610335
19612557
19617168
19620222
19623188
19624331
19626238
19629584
19631117
19633467
19633721
19634136
19635283
19639263
19642728
19644239
19648914
19652656
19658845
19659753
19662502
19669055
19669155
19680173
19693698
19695290
19698259
19699777
19709710
19710640
19711803
19714680
19715682
19724143
19736065
19757550
19758647
19768169
19774383
19777829
19783110
19789057
19789466
19797197
19797474
19798281
19798533
19806022
19807634
19814806
19829964
19833260
19836797
19837042
19838783
19845575
19849360
19852976
19856922
19859263
19863048
19870126
19872325
19874949
19877638
19880142
19890009
19892542
19900339
19933260
19942436
19944419
19953121
19956825
19958509
19968807
19980657
19983544
19985762
19988187
19996352
19997182
20010590
20011875
20012978
20018444
20025220
20027134
20027976
20031466
20032327
20040919
20040963
20051487
20051805
20071637
20071945
20075800
20076752
20079102
20082649
20082756
20084703
20085159
20088926
20093651
20095407
20095466
20098115
20111397
20138456
20139691
20148013
20148317
20151101
20152389
20152464
20154051
20160780
20162398
20173277
20178621
20179319
20185919
20189268
20192784
20200053
20200449
20202868
20213666
20226380
20229276
20229418
20231579
20233024
20241664
20253429
20259118
20262583
20263187
20263306
20274069
20282624
20291574
20295111
20295825
20306789
20308360
20310113
20315579
20327844
20328010
20336376
20338541
20343724
20345050
20353011
20353347
20356592
20362942
20363699
20369944
20377204
20379278
20380387
20385090
20389259
20392253
20400814
20411288
20420027
20428428
20429814
20432861
20447925
20466199
20469121
20471245
20475112
20480525
20492903
20507760
20520094
20525657
20528808
20532867
20535362
20538227
20538918
20539348
20539766
20539823
20545079
20545650
20549838
20553869
20558295
20559627
20560491
20560878
20573155
20573227
20573541
20576246
20577999
20579014
20580689
20587198
20588291
20604847
20607533
20610772
20615950
20620398
20620826
20621347
20622516
20625667
20625789
20627536
20632396
20636596
20640668
20641510
20643787
20649386
20657859
20660435
20670884
20675662
20678226
20681911
20688169
20691848
20702215
20704602
20705325
20705696
20706459
20707166
20707898
20723813
20730140
20731061
20743791
20743809
20758785
20758870
20759458
20761245
20763074
20765662
20766416
20775178
20776526
20780843
20784779
20794436
20797135
20799607
20800126
20804508
20810355
20810465
20812098
20812560
20817785
20851255
20852273
20853285
20854010
20854818
20855707
20857708
20858632
20863749
20866303
20867481
20872395
20874022
20874892
20875339
20877707
20879353
20880252
20883142
20883815
20884487
20886356
20888162
20888455
20892708
20903135
20907135
20915557
20916905
20917621
20924363
20925095
20928802
20930508
20930907
20932396
20940297
20947416
20948377
20948701
20967048
20967139
20967569
20974751
20977220
20985731
20985747
20996362
21000946
21003252
21005353
21009214
21009331
21013418
21017640
21020486
21024809
21038280
21043144
21058214
21058858
21060595
21064092
21077846
21078549
21079426
21080101
21084327
21086925
21092143
21101885
21107650
21122249
21133263
21134988
21137749
21149254
21150061
21153621
21156492
21156951
21160890
21168650
21169869
21171424
21175829
21176843
21181433
21195869
21197022
21200814
21201518
21206843
21209057
21210166
21212488
21212937
21216314
21221372
21231850
21234228
21241098
21241463
21241846
21243197
21245390
21250470
21250954
21262568
21264846
21266398
21266709
21268038
21286853
21286997
21291414
21292693
21295809
21301860
21305341
21305721
21306252
21307122
21308351
21308442
21309306
21313091
21324831
21329679
21335475
21343376
21343822
21348626
21352195
21361440
21364767
21366360
21366608
21374594
21375530
21378229
21378242
21384324
21390029
21392771
21395765
21397647
21400990
21401125
21403110
21405702
21406975
21408448
21408649
21411982
21415868
21425438
21427477
21428205
21428479
21428733
21430188
21431350
21436041
21438815
21445622
21451500
21453769
21454818
21456508
21457183
21458189
21458732
21469385
21483425
21486023
21486052
21486903
21490783
21492690
21496582
21503717
21506283
21511077
21512394
21513138
21520609
21526060
21526770
21536524
21542679
21549565
21550426
21550728
21553112
21553659
21563888
21576482
21579558
21582184
21604700
21605008
21606698
21606877
21607433
21608263
21609541
21614203
21616233
21617892
21621611
21625821
21630568
21634979
21645503
21651007
21653476
21668091
21669219
21673209
21674886
21675166
21676523
21678132
21682910
21694688
21695165
21699799
21709161
21724282
21731253
21736631
21756197
21757385
21759059
21760850
21763168
21768584
21779580
21779759
21784503
21786372
21787412
21789212
21791480
21803648
21812271
21816487
21819805
21831784
21837118
21852861
21857806
21858512
21862876
21864412
21866659
21867567
21867783
21870325
21870435
21874104
21884204
21887915
21887962
21890887
21892106
21894066
21894550
21903224
21916264
21924288
21926022
21928360
21929032
21934467
21937143
21948934
21951152
21967265
21968886
21971905
21974466
21974874
21976033
21976957
21979081
21989055
21990007
21990205
21991248
21998285
21998788
22003742
22005979
22009576
22011257
22014191
22023207
22023320
22031388
22035887
22035934
22043838
22051774
22064906
22066436
22068481
22091857
22099108
22117172
22118897
22128495
22131027
22131467
22149141
22155798
22157146
22160162
22181610
22187956
22192693
22203843
22209325
22209868
22209925
22210050
22220138
22224458
22225369
22227646
22232535
22233788
22241312
22241774
22244112
22248265
22249047
22274629
22285320
22308169
22308615
22308706
22316915
22319067
22319117
22319802
22319934
22325985
22328840
22331288
22332283
22335846
22337549
22341561
22343031
22355852
22356703
22358500
22363125
22368415
22368827
22376338
22377538
22378210
22380513
22387004
22390296
22394512
22397437
22399922
22400940
22414436
22425777
22426654
22432984
22451705
22459128
22460929
22463677
22470162
22471073
22480893
22481299
22488732
22496061
22496887
22497855
22499140
22500959
22501763
22501892
22512419
22515316
22517817
22518596
22525466
22528844
22538630
22548120
22554196
22555126
22555600
22557580
22557834
22567337
22567476
22579637
22580881
22581368
22584346
22587836
22588707
22590965
22599033
22606651
22607697
22610151
22614955
22615021
22618401
22618734
22620481
22622048
22632309
22645855
22654573
22655531
22673190
22674375
22683614
22684396
22691832
22711304
22715790
22722648
22722812
22724295
22728429
22729142
22733239
22740691
22754925
22783460
22784019
22789652
22811279
22813968
22827037
22840625
22843725
22845588
22853829
22855359
22866043
22882370
22882973
22886366
22886850
22890714
22891006
22904597
22911006
22911370
22913095
22914358
22915303
22915426
22920977
22921272
22922240
22931809
22940681
22941419
22947024
22948991
22958183
22959653
22968742
22976411
22978459
22984795
22986684
23000422
23007189
23013048
23017474
23025532
23029029
23030147
23030713
23032233
23033669
23036801
23055098
23057313
23059908
23061202
23063668
23066690
23069430
23071155
23072452
23078889
23083454
23089643
23090262
23099137
23115250
23117955
23121505
23133236
23142588
23142635
23145796
23159421
23169929
23173473
23180049
23181000
23184368
23186338
23191346
23196510
23202985
23211876
23211964
23214053
23215514
23222419
23224568
23225903
23226792
23242758
23247797
23252409
23253097
23265575
23285015
23288047
23295097
23306394
23307280
23328347
23330327
23331423
23332240
23337131
23339409
23345846
23347828
23349761
23352981
23353276
23357746
23363957
23369889
23372075
23372361
23372917
23378698
23402530
23405483
23413946
23425555
23426510
23426767
23427571
23437200
23443327
23444467
23445259
23446025
23446757
23448752
23465390
23465846
23476552
23498232
23501795
23511210
23541699
23547558
23549406
23552117
23554014
23567143
23568827
23576455
23577670
23580573
23584073
23585443
23585578
23593441
23595069
23603394
23607823
23610921
23615011
23616268
23626444
23648799
23671771
23677312
23695185
23711741
23718618
23728759
23739060
23739249
23752462
23755111
23764353
23766100
23795515
23797290
23797422
23800579
23804104
23806840
23810459
23813736
23816529
23827729
23831470
23834119
23840355
23845454
23846277
23853559
23853634
23857973
23862113
23869217
23877693
23883228
23883866
23886715
23887903
23895106
23908766
23917644
23918599
23925932
23931791
23940144
23941863
23942281
23944825
23947492
23950103
23953826
23955035
23956471
23961988
23962261
23972719
23982396
23983687
23986919
23987925
23998594
24002907
24005166
24007660
24007946
24025778
24033789
24040251
24067140
24069612
24070608
24072204
24081972
24082364
24084309
24089860
24091016
24094107
24111006
24111512
24117242
24121430
24122231
24123865
24124590
24127795
24134643
24135316
24139516
24142623
24150502
24160521
24164467
24168557
24170866
24180237
24183344
24189719
24202175
24208581
24208901
24217151
24217258
24228128
24231448
24278227
24279801
24286665
24300026
24307126
24320469
24335985
24355507
24357728
24360967
24369776
24381186
24386131
24389386
24391575
24400309
24414286
24414468
24417205
24428561
24431480
24440327
24447160
24448608
24455541
24455991
24459729
24460543
24462396
24467790
24472094
24476003
24478789
24479776
24482575
24501189
24507133
24514361
24515317
24517000
24522841
24530852
24532074
24532746
24533403
24536337
24537609
24542209
24543245
24553298
24553515
24554071
24554313
24557753
24557816
24561800
24562912
24582983
24583788
24611675
24612291
24617327
24618025
24619124
24619196
24625275
24626513
24632985
24639720
24640503
24641360
24644134
24648778
24659468
24675645
24675937
24679141
24683376
24689128
24690501
24690611
24694475
24695986
24698308
24699373
24706021
24706608
24720909
24721066
24721411
24721980
24727192
24728477
24731835
24746465
24748489
24750556
24751888
24759519
24770882
24771152
24773156
24779949
24781274
24794758
24801123
24806382
24808402
24809624
24813768
24815998
24817208
24817233
24819190
24821012
24824952
24828832
24832862
24840258
24844634
24845617
24849305
24851168
24851885
24852020
24853449
24854288
24888044
24905342
24918546
24941345
24942944
24956173
24962582
24983772
24985450
24987488
24992091
24994868
24999357
25000718
25003322
25015502
25016328
25017516
25021660
25022310
25029598
25031571
25033283
25037355
25046764
25049884
25060241
25062601
25062673
25067134
25073106
25074064
25078302
25081749
25084714
25087190
25087620
25090247
25090442
25095628
25103385
25110541
25122187
25138762
25143120
25144719
25149915
25155265
25158470
25160235
25164065
25164709
25165975
25166732
25171237
25189964
25215131
25220950
25223727
25232306
25235731
25242435
25252466
25253528
25253776
25254345
25256032
25268052
25271001
25277178
25282453
25295182
25304582
25307384
25312847
25314421
25316991
25317384
25337085
25346849
25347355
25352821
25353644
25353962
25357361
25360685
25361957
25363223
25363741
25366625
25367605
25376619
25379927
25379983
25383112
25398286
25398984
25401877
25410083
25419483
25421305
25423642
25425518
25429630
25434437
25434826
25445834
25452127
25456616
25462390
25488488
25519825
25526287
25527698
25532715
25533692
25550980
25573524
25584052
25584334
25588312
25589901
25594353
25599804
25610752
25624393
25626165
25628031
25629303
25641480
25642894
25643082
25643566
25645319
25663688
25673461
25679525
25687652
25688777
25698019
25699304
25700200
25700847
25702260
25715106
25715904
25719234
25722813
25733193
25741028
25746711
25749504
25754405
25764907
25765155
25785186
25798227
25800966
25802132
25807227
25819803
25827321
25843331
25870920
25872569
25879801
25891799
25900847
25905386
25911026
25915505
25915904
25916457
25925973
25927214
25932071
25941251
25944446
25975683
25986571
25986798
25989170
25994331
26009433
26022492
26027045
26027594
26033001
26047151
26049686
26053000
26057895
26069459
26087514
26100699
26104749
26105251
26106932
26111912
26112188
26112851
26114425
26124010
26129863
26135495
26137858
26139017
26143346
26148700
26150930
26163346
26169591
26173125
26176584
26178941
26179861
26180571
26182271
26184096
26184212
26186091
26200863
26202430
26211117
26218097
26229844
26233887
26240538
26243975
26245420
26248360
26254559
26260641
26263943
26292198
26292965
26300175
26305195
26336517
26355749
26362909
26377326
26399845
26401799
26403574
26413394
26427535
26427987
26430673
26432420
26432791
26435313
26435392
26443912
26453459
26453528
26460534
26470870
26473358
26478774
26480505
26485792
26486034
26490266
26507426
26516326
26524604
26555533
26556397
26560958
26561527
26562152
26566604
26579616
26579622
26581039
26581112
26602540
26627557
26642530
26655080
26657672
26661464
26662259
26662463
26663035
26670414
26671263
26690499
26690555
26690957
26699675
26702682
26703159
26705713
26710539
26739275
26746284
26747211
26766428
26778683
26798196
26801409
26816775
26824205
26846667
26856152
26881058
26886022
26892525
26892657
26899006
26905044
26922109
26932631
26941886
26950839
26957248
26964911
26966918
26975011
26994737
26994752
26997002
27003483
27004180
27007174
27023058
27029963
27034748
27049146
27059095
27073917
27087797
27092842
27102446
27134362
27134566
27137016
27143092
27164232
27195268
27196063
27196697
27202409
27205205
27206631
27206725
27211548
27213423
27218679
27223775
27226728
27227422
27231365
27238235
27246510
27247908
27256523
27261138
27265947
27268451
27271008
27272281
27278429
27290555
27291111
27291969
27293188
27299858
27310128
27318189
27328072
27332445
27332841
27334987
27336693
27356048
27356409
27375903
27381197
27381910
27391008
27393584
27397709
27397869
27399110
27407511
27420357
27433696
27433897
27447010
27448179
27469255
27474084
27479547
27479918
27481062
27483836
27488520
27494991
27501812
27506031
27507863
27512942
27519678
27520215
27532122
27542728
27552841
27586776
27596380
27601262
27603248
27605949
27609663
27634403
27635807
27646350
27651556
27655376
27671819
27672143
27673233
27677386
27685743
27689060
27690034
27698457
27710706
27715663
27723602
27739630
27750607
27757550
27760073
27768483
27770632
27774003
27774015
27794445
27797065
27797191
27799707
27804991
27808032
27813558
27842225
27848106
27849976
27863956
27898406
27909264
27916116
27920696
27974892
28005689
28009057
28014360
28019886
28028035
28043328
28050280
28057578
28061213
28062520
28073566
28082347
28083710
28084766
28096905
28101906
28121315
28127388
28129665
28133548
28134792
28135889
28139100
28141151
28142618
28145571
28237774
28241475
28244107
28244805
28246702
28249219
28250947
28251119
28258628
28262492
28264028
28275574
28281561
28282865
28288438
28289708
28295447
28297213
28308834
28309487
28310436
28312880
28313075
28316530
28334205
28338402
28340953
28357195
28359514
28363054
28366124
28386641
28408177
28425575
28427664
28433646
28435386
28437237
28446011
28448704
28449608
28450786
28455298
28462322
28473456
28476428
28485727
28492626
28494615
28500976
28509038
28509226
28517291
28524843
28530178
28539068
28547585
28550230
28561452
28567214
28590210
28599710
28605723
28606635
28609949
28646354
28646627
28657023
28662787
28664723
28667720
28668593
28668869
28669645
28678348
28678498
28681128
28689896
28693446
28696717
28697876
28698733
28700311
28702563
28716091
28721918
28729446
28737837
28739279
28748317
28750375
28753429
28766435
28770764
28779984
28791392
28791599
28801096
28807134
28820341
28827269
28834567
28841126
28841409
28853539
28856209
28859193
28859998
28872753
28885589
28924334
28927375
28930680
28935855
28938849
28944783
28947824
28950344
28963309
28963859
28971465
28979133
28983308
28984948
28994345
28994822
28996959
29015425
29018475
29053419
29055955
29060906
29067896
29069922
29070582
29086770
29088756
29098489
29100323
29103415
29109142
29110248
29114793
29116069
29120329
29122380
29124510
29126857
29128604
29130655
29136483
29142534
29144117
29144205
29145283
29146081
29146913
29156621
29159253
29159457
29169856
29174741
29175253
29177845
29183095
29187704
29189912
29198247
29200270
29203613
29207709
29215120
29215324
29223750
29234070
29246313
29253275
29255512
29260664
29262492
29268169
29275555
29278995
29279457
29279702
29293607
29304514
29306789
29312271
29316314
29316556
29316823
29317319
29317564
29318190
29320021
29320662
29325315
29326562
29334359
29334507
29339480
29365593
29368600
29369363
29370572
29375301
29379799
29384194
29388831
29390644
29391948
29393839
29401366
29404219
29412396
29424652
29429160
29439653
29441783
29456391
29458672
29471493
29477066
29477864
29478203
29484738
29484970
29485850
29488169
29491222
29506239
29510493
29515032
29517260
29518318
29528202
29529826
29531761
29538783
29541717
29542923
29544733
29549329
29550564
29557001
29557092
29563802
29568383
29591172
29592011
29592014
29593340
29596224
29600600
29601857
29605975
29609604
29621485
29627473
29630043
29633662
29642411
29650771
29665445
29689585
29690930
29697304
29706619
29725321
29725887
29725893
29731680
29731695
29732471
29750011
29754155
29760755
29761625
29767506
29770478
29775480
29789739
29815997
29821105
29829283
29838048
29841805
29842631
29842845
29850573
29874660
29893233
29894248
29903280
29911737
29911907
29922038
29924498
29932669
29946219
29952110
29957881
29962631
29964519
29965034
29977522
29982577
29986061
29986878
29992737
29993192
30018623
30024517
30025792
30025921
30031802
30033106
30036769
30038462
30040077
30047928
30048396
30065631
30082580
30088794
30095866
30096111
30102595
30109541
30128962
30129581
30134711
30139697
30144893
30153090
30158883
30160290
30169703
30171217
30173727
30176030
30179294
30185363
30191204
30197823
30197854
30199501
30207430
30213402
30226367
30227432
30231768
30233172
30233486
30238321
30243401
30245597
30252559
30262775
30267026
30268967
30270334
30279115
30279134
30285172
30293007
30298825
30302121
30312519
30316399
30324360
30337973
30350771
30366077
30367994
30387874
30397638
30403380
30406412
30406481
30413339
30418432
30431529
30431721
30447853
30451258
30457875
30458063
30459637
30462643
30469938
30474679
30494650
30494992
30502215
30502938
30519610
30533779
30538387
30543850
30550294
30552550
30552669
30555298
30556037
30566577
30574751
30582489
30588313
30590428
30591000
30596108
30596648
30604650
30606814
30607031
30613041
30613622
30613939
30631083
30635949
30637586
30645047
30649468
30662845
30669687
30671918
30684305
30686790
30695445
30696592
30707710
30712306
30716641
30718259
30721495
30726729
30728893
30733351
30734168
30749606
30754362
30758437
30762449
30763803
30765628
30768521
30769096
30784622
30787035
30789146
30791348
30794590
30797424
30803136
30807911
30811951
30813242
30821068
30822199
30826729
30830125
30830568
30831300
30831696
30832849
30843967
30848054
30855776
30861641
30863200
30868675
30869332
30873969
30879055
30914009
30917804
30931909
30938441
30940166
30942786
30945688
30945836
30949729
30949860
30971691
30978056
30979294
30981060
30985866
30990937
30995612
31002997
31003126
31006821
31008976
31015243
31016371
31018080
31020606
31031790
31032283
31049496
31065132
31075050
31084559
31087660
31089473
31112042
31121765
31124269
31130398
31168409
31183171
31183215
31185643
31187846
31189036
31192687
31196639
31199539
31207766
31210101
31211200
31213129
31226713
31237420
31237508
31245236
31248529
31260049
31274588
31276332
31285741
31295172
31296051
31296582
31298103
31300095
31304128
31309821
31313390
31325827
31326654
31327555
31331410
31336870
31337722
31338812
31345943
31349572
31349936
31363910
31365958
31367014
31369898
31371531
31375942
31391983
31392753
31394245
31402328
31413717
31418759
31426691
31429230
31429538
31431743
31433788
31441246
31446776
31447341
31450118
31453053
31467086
31470165
31471330
31475361
31475747
31479659
31493174
31502853
31515941
31524024
31528300
31530634
31531800
31543427
31544655
31548394
31554369
31557488
31557831
31559518
31560404
31560687
31565999
31570787
31570865
31584368
31586620
31598992
31599410
31602137
31606667
31613450
31613927
31620656
31626299
31626434
31628774
31636534
31639914
31644743
31645261
31648284
31652446
31654174
31661802
31666627
31670796
31670825
31673511
31675949
31689451
31692615
31694996
31696780
31702753
31713682
31720465
31742249
31747131
31748651
31748796
31749188
31761271
31763743
31766335
31773985
31784864
31786891
31787315
31799269
31800415
31801386
31803205
31803868
31806450
31810990
31811948
31814100
31816695
31817182
31818376
31819997
31820726
31826748
31827037
31841199
31845582
31845670
31847728
31850056
31850093
31852896
31866125
31867523
31869351
31878789
31879806
31884016
31903843
31913836
31915005
31920060
31938319
31944919
31962094
31968201
31968704
31969091
31972018
31979445
31983536
31988791
32005769
32014763
32020911
32024119
32038064
32047753
32050188
32050338
32061497
32061604
32067206
32072744
32075763
32077984
32079612
32089423
32095505
32096341
32119120
32121904
32122485
32130801
32132507
32135680
32137134
32140474
32144916
32147213
32160410
32165343
32187717
32189762
32209903
32209931
32209947
32214480
32217622
32221480
32223446
32229560
32243358
32246220
32261111
32265980
32266106
32268626
32268641
32269006
32272427
32285110
32287679
32291286
32295986
32306042
32307025
32315555
32322466
32324647
32326660
32327741
32330191
32334313
32334332
32339421
32341630
32346694
32355861
32356983
32361742
32362829
32378129
32384104
32401245
32403824
32406133
32415090
32424301
32428640
32430741
32437882
32438554
32440534
32449971
32478707
32478892
32479866
32483354
32486618
32488660
32499567
32524678
32536924
32543848
32548187
32587133
32606724
32607220
32612338
32617694
32619133
32625658
32625881
32629695
32652173
32656361
32664755
32676580
32680256
32684029
32690510
32700042
32700510
32716589
32717820
32718668
32720189
32736245
32736271
32741143
32748535
32748623
32765230
32770055
32772034
32772452
32786464
32792615
32797029
32802963
32803064
32805386
32812797
32815231
32816124
32816837
32826038
32831122
32836692
32850511
32854476
32856848
32857976
32859468
32869955
32881861
32882864
32885126
32899099
32899973
32907918
32918605
32933032
32944520
32945906
32948410
32967297
32975836
32991230
32992609
32994180
32994663
33006372
33007478
33033685
33045793
33046182
33059261
33091242
33092354
33096090
33096426
33116422
33124176
33137512
33142466
33151174
33154677
33156151
33159054
33160970
33162091
33166930
33169421
33170112
33174915
33181177
33182034
33199445
33209275
33215665
33224493
33232105
33249038
33256195
33257285
33260650
33264090
33269069
33269989
33273989
33279260
33326142
33327826
33333409
33339302
33340038
33369597
33370775
33373690
33374680
33374975
33380420
33390834
33392081
33395864
33398704
33399555
33407591
33414638
33421992
33422288
33422627
33423277
33427983
33430427
33433327
33451941
33492351
33502766
33508678
33510101
33524977
33526265
33527660
33532664
33543211
33553704
33558601
33566562
33581246
33599602
33602115
33635319
33637088
33638926
33652837
33657473
33662792
33666022
33671520
33675509
33677460
33679920
33693165
33706822
33712747
33717286
33736211
33738618
33741194
33753930
33757323
33759666
33763578
33767725
33770232
33772537
33777815
33783643
33789854
33791340
33797111
33798889
33799561
33804057
33809209
33810604
33825813
33840415
33847826
33857420
33858975
33867209
33876285
33894793
33896637
33905257
33908452
33915483
33916617
33916982
33928335
33940220
33954018
33982377
33992606
33993731
33994274
33994877
34012210
34015973
34019756
34022926
34034741
34039014
34039161
34042978
34048687
34051611
34052504
34053939
34054084
34057599
34060446
34065874
34081931
34091896
34093005
34093175
34093190
34093621
34097950
34107192
34107576
34112659
34114267
34116501
34117183
34126592
34130654
34130751
34136117
34146883
34147150
34153584
34160191
34160289
34193860
34202279
34207494
34236755
34237578
34238376
34263757
34264348
34265155
34267253
34274068
34279506
34287762
34288123
34288908
34292361
34294730
34299659
34304469
34305622
34310476
34311993
34325593
34327795
34336981
34342174
34342388
34352843
34356453
34357939
34360210
34360298
34366682
34374266
34379085
34384595
34385748
34398462
34408789
34428986
34439300
34447279
34450657
34452120
34456412
34466317
34469786
34474643
34482104
34487074
34488258
34492795
34493558
34495138
34495299
34499204
34503426
34506128
34507714
34510915
34522649
34525207
34528423
34534873
34537374
34544942
34571897
34596018
34596439
34609696
34609869
34611977
34612043
34620152
34624569
34627280
34630519
34631009
34632806
34634446
34638741
34649054
34649711
34653003
34658906
34659425
34661973
34672594
34673527
34679173
34681212
34681667
34682082
34698911
34702141
34704742
34706018
34712879
34712967
34715066
34718735
34718923
34719659
34724352
34739180
34742212
34753292
34764291
34767876
34772227
34775733
34776022
34779719
34781595
34785450
34792022
34799502
34801431
34807168
34819285
34820362
34830978
34842300
34848596
34849790
34853264
34858806
34875661
34882990
34884121
34897941
34902593
34918741
34927940
34928662
34936391
34937534
34938486
34938499
34949234
34970062
34984529
34991884
34995274
34997206
34998833
35001500
35012116
35012860
35017708
35023180
35035332
35040890
35041587
35045002
35047173
35047468
35052435
35052743
35056089
35056783
35057867
35058266
35059953
35066107
35069421
35069478
35075202
35085051
35090690
35096697
35104855
35110294
35125379
35130324
35130893
35131333
35134129
35135643
35139727
35141791
35147050
35148674
35152187
35154775
35159331
35162720
35177574
35181897
35183967
35185418
35187259
35188504
35191705
35192584
35205578
35221958
35222939
35226966
35241009
35244352
35256742
35257066
35259290
35259827
35260562
35272067
35288441
35299097
35311399
35312757
35316841
35328487
35334091
35335728
35337186
35341405
35348263
35350283
35360810
35369733
35370059
35377357
35381187
35382374
35390967
35391158
35410294
35415697
35417868
35418085
35439856
35440667
35450993
35459067
35475274
35493643
35506065
35509072
35510278
35517086
35520626
35521230
35526916
35532948
35547823
35570392
35576965
35578916
35580772
35590480
35602427
35613087
35625486
35631116
35648807
35653770
35655869
35656007
35666173
35684693
35697492
35702613
35704777
35706800
35709113
35709684
35710957
35712744
35714968
35717400
35719034
35730689
35734007
35738920
35747321
35749089
35752831
35753173
35753491
35765407
35773509
35776107
35778545
35784310
35800109
35802107
35807840
35811905
35818701
35823206
35836636
35851571
35865746
35867364
35871536
35875630
35897379
35907309
35910492
35910680
35912207
35922436
35923737
35929910
35931226
35931358
35932235
35938807
35962473
35986832
36004403
36030827
36039212
36060179
36062281
36067967
36068244
36068335
36069123
36069412
36071549
36087238
36087401
36092758
36097297
36104520
36110237
36113929
36130765
36143334
36149344
36149460
36151182
36169475
36170481
36196942
36204909
36209022
36209257
36212003
36217133
36217887
36228540
36236020
36245973
36248587
36250635
36260189
36262696
36263971
36277515
36288447
36292993
36294215
36296085
36303599
36307793
36308679
36310815
36316238
36327277
36335373
36338857
36339552
36380402
36412138
36413288
36419043
36422951
36433689
36438276
36440045
36442574
36443196
36451518
36455059
36455643
36459105
36464788
36479374
36483100
36487945
36488249
36490238
36490712
36503053
36515311
36524852
36539530
36544088
36547861
36551166
36559677
36563082
36571313
36575589
36575850
36581652
36589585
36590785
36597106
36597338
36613090
36621836
36626533
36627611
36634667
36634946
36641829
36647214
36650726
36652294
36659099
36669001
36678061
36678454
36679981
36680144
36687571
36687656
36690232
36691253
36699895
36706279
36707134
36713709
36717061
36727592
36734148
36737981
36740965
36748417
36758031
36758329
36764392
36778897
36781816
36782252
36789406
36789723
36791793
36793144
36794200
36795359
36802836
36803486
36810662
36811092
36811309
36834887
36843158
36845204
36847739
36857261
36862294
36868511
36880634
36882962
36885966
36889924
36890543
36891561
36899022
36900992
36911045
36919028
36930579
36930972
36930991
36946039
36950821
36967031
36970025
36973531
36978743
36981473
36992142
36994593
37007872
37008541
37013631
37016436
37021915
37029414
37042316
37072661
37124730
37125003
37146982
37147893
37147896
37156259
37164964
37167889
37170572
37172407
37172881
37174490
37176723
37180644
37185086
37185856
37197178
37198963
37211117
37213128
37217388
37218959
37219358
37226162
37238920
37240667
37253152
37264016
37266183
37267993
37278753
37281901
37286893
37290012
37292887
37295834
37306603
37314143
37315434
37316446
37325145
37332810
37348795
37363673
37373268
37380870
37385130
37395934
37402927
37404464
37404671
37405243
37406656
37407706
37411667
37419286
37421846
37428660
37435801
37445618
37449888
37452147
37456089
37475407
37476098
37477886
37481103
37482243
37485224
37491756
37493129
37494791
37514039
37516753
37518554
37529411
37531434
37532257
37533574
37534815
37539247
37539596
37545047
37546090
37546269
37553249
37587565
37591175
37593072
37602233
37628761
37635726
37641993
37642675
37645220
37648399
37650548
37655389
37662134
37663560
37663943
37679158
37680597
37692400
37692981
37694354
37703361
37714451
37715396
37715491
37717206
37736766
37740812
37748207
37751902
37755804
37759363
37761804
37767544
37785517
37787493
37791109
37808727
37819371
37820432
37829669
37836832
37847384
37847620
37848154
37855279
37859175
37859256
37864974
37875658
37879607
37887794
37897489
37919459
37926524
37927821
37933194
37939012
37944516
37949464
37954977
37956580
37962297
37967883
37977713
37977776
37991011
37991432
38001388
38008488
38026766
38029458
38029556
38046904
38054845
38059570
38060023
38069438
38072784
38106936
38114790
38117866
38119565
38119867
38121787
38127762
38134576
38137865
38142197
38142518
38147394
38162272
38169089
38170374
38171970
38174531
38181433
38190245
38195460
38207175
38207662
38209745
38218397
38222936
38227297
38231613
38243608
38244532
38255065
38258823
38261744
38269036
38270403
38274122
38278307
38300417
38302579
38303405
38307574
38310163
38312484
38316556
38321639
38333467
38334956
38338937
38345273
38347020
38347969
38348292
38398765
38402403
38410662
38449995
38465131
38466803
38469090
38473981
38495718
38495903
38505243
38518871
38519811
38522783
38530055
38536552
38538214
38538377
38539763
38543479
38545236
38549065
38557833
38562093
38573551
38577311
38584926
38585335
38588451
38589557
38603946
38620791
38644252
38657990
38659370
38662759
38665873
38666312
38715607
38744164
38760161
38765838
38783321
38797047
38803013
38814875
38816342
38835186
38835644
38835993
38836147
38849596
38852581
38857494
38857570
38866231
38871958
38872693
38874905
38889714
38893965
38914404
38939505
38956853
38965370
38987163
38989218
38991141
38997974
38998234
39017671
39021567
39046046
39050526
39058741
39066099
39074949
39086014
39087028
39089117
39091464
39108539
39109035
39117992
39129166
39132946
39135170
39135990
39138202
39139100
39145446
39158594
39162942
39167045
39167899
39173475
39174368
39174402
39175235
39176070
39178348
39187833
39192369
39195611
39199384
39200591
39200597
39208137
39209450
39238664
39239380
39266784
39291634
39308049
39310254
39323634
39324005
39330429
39332135
39347369
39348201
39359461
39360366
39376413
39379853
39385165
39386142
39392460
39398904
39402557
39403387
39407172
39414307
39421985
39423546
39423669
39426305
39429999
39432858
39435918
39471657
39472269
39479043
39483224
39494100
39494750
39495599
39512563
39531689
39536336
39536534
39548890
39575646
39579187
39579731
39590670
39593711
39601932
39609057
39614213
39626738
39638007
39642741
39644086
39663778
39670689
39671154
39683538
39684613
39694179
39707772
39708658
39710908
39721027
39722507
39730866
39731674
39738142
39739301
39750712
39758713
39769778
39770413
39775452
39783237
39783865
39792024
39804345
39805096
39809045
39820172
39823072
39836477
39837197
39841001
39841984
39861283
39873611
39880419
39880560
39891094
39911257
39911370
39915721
39918137
39921322
39925573
39925796
39929047
39946669
39947061
39947322
39958607
39975025
39978238
39982602
39982938
39992039
39996202
40000512
40005928
40006833
40007568
40012262
40012991
40025607
40038943
40041604
40058321
40060548
40079743
40089576
40092878
40097983
40110578
40126562
40128630
40135824
40144093
40145758
40146411
40162411
40176284
40185847
40193755
40198712
40199950
40202765
40208479
40210782
40210833
40219409
40223628
40223990
40224483
40233838
40237326
40240307
40243288
40245173
40246568
40247925
40249339
40252481
40257705
40259628
40268179
40289058
40291678
40334385
40341385
40342032
40347479
40352188
40359471
40369228
40369232
40372665
40381462
40388838
40403101
40410606
40417169
40422252
40428356
40438563
40443882
40448057
40449066
40464557
40481798
40511854
40514244
40519079
40523220
40524671
40537888
40543744
40544803
40545337
40551815
40563900
40573121
40574151
40574434
40579508
40580237
40581606
40587302
40589363
40600940
40601904
40602064
40606161
40619161
40621015
40638739
40646141
40646320
40652990
40666455
40673247
40673712
40677356
40681767
40681905
40694119
40694578
40704490
40714043
40718219
40723154
40727090
40730640
40731633
40731932
40732067
40739525
40742632
40754293
40756838
40760841
40762414
40768349
40770246
40773083
40780400
40782819
40782910
40782970
40796623
40801056
40806277
40815724
40816067
40829808
40834602
40837964
40844529
40847680
40848139
40850169
40850838
40853219
40857944
40859122
40864023
40872637
40897255
40899225
40906953
40911945
40923302
40932252
40933842
40948566
40962942
40963502
40970099
40981682
40994855
40995458
40998383
41000569
41002124
41002149
41005269
41009513
41016507
41017411
41035409
41036465
41039434
41055726
41058623
41059389
41063181
41074767
41083297
41085622
41089357
41092835
41094848
41095524
41099099
41104509
41109422
41110594
41112658
41117729
41124766
41133273
41134285
41138583
41141859
41147985
41181173
41189178
41197223
41209221
41212174
41214056
41214194
41240210
41244806
41253920
41260988
41262980
41267174
41272942
41277761
41278641
41279345
41281076
41290447
41308973
41317861
41324948
41330861
41337005
41340876
41349572
41358463
41358884
41370049
41378883
41383177
41397070
41406529
41409579
41420575
41429387
41437065
41454482
41483803
41490579
41496793
41509696
41517292
41520066
41523123
41524719
41525850
41527923
41528828
41539710
41542199
41544533
41545281
41547206
41575113
41577274
41582103
41587196
41592505
41594060
41601744
41603994
41604041
41612504
41613745
41615586
41627232
41629167
41633302
41643034
41650489
41652000
41673238
41696850
41750555
41769521
41774673
41785854
41794060
41797415
41798474
41805279
41810915
41813422
41813946
41826962
41840424
41840804
41844153
41873118
41880460
41886071
41892439
41893645
41900749
41901773
41908398
41960627
42026695
42067413
42078626
42090639
42104804
42104811
42108411
42116224
42118847
42120582
42125262
42125809
42126340
42128005
42133296
42139076
42142237
42145400
42154693
42159660
42173473
42186580
42186857
42187664
42209715
42211015
42213086
42221442
42227546
42229632
42251438
42251671
42260521
42276687
42288010
42294038
42299247
42300343
42328904
42374557
42385009
42386049
42403064
42408530
42411414
42412008
42413522
42414462
42415134
42430902
42430943
42434596
42436396
42441530
42442221
42443735
42446955
42457703
42457979
42460706
42466154
42472588
42475233
42484098
42490165
42492832
42500510
42507428
42508584
42522878
42530726
42535489
42561535
42571548
42586982
42591117
42593994
42594202
42611424
42616020
42641699
42670787
42689015
42708612
42713268
42720912
42721706
42725523
42726717
42734336
42740418
42743622
42746500
42747731
42749981
42750358
42753380
42763889
42766072
42769631
42774941
42778871
42781522
42784183
42786568
42793614
42794950
42795317
42805665
42815910
42816611
42817801
42819133
42822489
42826394
42833566
42835052
42836299
42844458
42846764
42847848
42860870
42861856
42863653
42877573
42879930
42884117
42887482
42898289
42901735
42917016
42945806
42950418
42962302
42963578
42976738
42979430
42979458
42981390
42987416
42987828
42990253
42990928
42998145
43021490
43026356
43034072
43034248
43038379
43048683
43049151
43058705
43061190
43065551
43073782
43074721
43075057
43076047
43080178
43081193
43106115
43111446
43115659
43115766
43133902
43138571
43143833
43146114
43146333
43149843
43150276
43155931
43161438
43163864
43173301
43174121
43177523
43179239
43181689
43184061
43188073
43191170
43192063
43192694
43192926
43201937
43227192
43236343
43238093
43267015
43269038
43269927
43271023
43276257
43287385
43287564
43295311
43308757
43311047
43311534
43312084
43313828
43327248
43333199
43333714
43343465
43344574
43345231
43351935
43352117
43352394
43353939
43357166
43359569
43363361
43372657
43373552
43376675
43381730
43397058
43449353
43467467
43503391
43526617
43528452
43539717
43541398
43550374
43561341
43569695
43570266
43571162
43577508
43599474
43616985
43620167
43622857
43630255
43645338
43650880
43661800
43663191
43664913
43667634
43679148
43681450
43685905
43686760
43701506
43701547
43708364
43713011
43714494
43716303
43733774
43735153
43737996
43753179
43758071
43762877
43765837
43766490
43767272
43767781
43771925
43783684
43784426
43787888
43790768
43790960
43791221
43795292
43806363
43819530
43825536
43826435
43831414
43832058
43834082
43838382
43838744
43839215
43839988
43843937
43845771
43848156
43852061
43863757
43867574
43872827
43901073
43902449
43924760
43927387
43929599
43946887
43947361
43950035
43959924
43981020
43990844
43994915
43999895
44014170
44026294
44033139
44041282
44041527
44045300
44045596
44069308
44071281
44073050
44075497
44077241
44077897
44082908
44084294
44084608
44085956
44089509
44092481
44094061
44096470
44119938
44123240
44136972
44138153
44145894
44148882
44160550
44161256
44165083
44168605
44168633
44170351
44192192
44192864
44194322
44198648
44204299
44204701
44230884
44264979
44266116
44268765
44274470
44292138
44293960
44299135
44303718
44309935
44325087
44326039
44333576
44340553
44348495
44352916
44357776
44361256
44366566
44367634
44380467
44382443
44392820
44394149
44397872
44403715
44410649
44414500
44445250
44455875
44471093
44486125
44489135
44495468
44497372
44498277
44498346
44509628
44509675
44519329
44526690
44528260
44544616
44546840
44548728
44549956
44554100
44554141
44554320
44561024
44569525
44572406
44579437
44585654
44597262
44598513
44600954
44606049
44612031
44621468
44621629
44626099
44628091
44631028
44636853
44640726
44645608
44646054
44648596
44651181
44653952
44654515
44656984
44659079
44659120
44659959
44660239
44662296
44667420
44669550
44672705
44673060
44679173
44679475
44681614
44684963
44699553
44699807
44700335
44710149
44716900
44724905
44725970
44728952
44730334
44734559
44752281
44760905
44763079
44764404
44764540
44770970
44774388
44779943
44780992
44801962
44820614
44825238
44849573
44859620
44864062
44903832
44932027
44937918
44957606
44989343
44993204
45001504
45004325
45026501
45028848
45031264
45070298
45071263
45110046
45147817
45212999
45301205
45350798
45372677
45374973
45376560
45376742
45379717
45393687
45397957
45402782
45407510
45409936
45409977
45416385
45417199
45419050
45419687
45419983
45423954
45426040
45428964
45440447
45453792
45455926
45456431
45456485
45456695
45458448
45458916
45460682
45462149
45471200
45473013
45480119
45481457
45484608
45486933
45488463
45496703
45501563
45507347
45512801
45516885
45517859
45518849
45522622
45524805
45525113
45527469
45529389
45530752
45538575
45546598
45548336
45548766
45552526
45560993
45563180
45563481
45564785
45571596
45575887
45579161
45586305
45610947
45615933
45623633
45631603
45649042
45657028
45659494
45727340
45730856
45738807
45743381
45747054
45750469
45758398
45783323
45787065
45790533
45792560
45800153
45802638
45807762
45809964
45824167
45833265
45840494
45840997
45846127
45856098
45856573
45861634
45864022
45869915
45874760
45875306
45897131
45903618
45912013
45930545
45964807
45979676
45983135
45983358
45988224
45990907
45995249
45997077
46001256
46008459
46010671
46011331
46022587
46023520
46023539
46030579
46040928
46041421
46043997
46045979
46048471
46051895
46055024
46058351
46070349
46070723
46096430
46103156
46110819
46111227
46117696
46120988
46127604
46128738
46131780
46134063
46136608
46143300
46144311
46151081
46151320
46154035
46159152
46160195
46165454
46169419
46170610
46178388
46181225
46181473
46198234
46201922
46205755
46209798
46211661
46217718
46220288
46221924
46225550
46228107
46231173
46232895
46240859
46244371
46245863
46268630
46283151
46284473
46286296
46301363
46309481
46315695
46319725
46323159
46326175
46333998
46337262
46339919
46347243
46347327
46353441
46359944
46372649
46376026
46398919
46399914
46410486
46422361
46438135
46447048
46452313
46461565
46463214
46467110
46467145
46474138
46478960
46487430
46489550
46491800
46498111
46516166
46517586
46518563
46521673
46541751
46544915
46550689
46560227
46560538
46564936
46586889
46587992
46593333
46595708
46603128
46681389
46681621
46697675
46699384
46699638
46701771
46705503
46715707
46726056
46735038
46739769
46762822
46763127
46763340
46770330
46784109
46797414
46799861
46804379
46811900
46814033
46814551
46830407
46830787
46847299
46848465
46849998
46867547
46869196
46872074
46874512
46876588
46878973
46914269
46917530
46919330
46919942
46930218
46933297
46943140
46950413
46950878
46951380
46952012
46958386
46961678
46962282
46965282
46966862
46967842
46970315
46971113
46972752
46972765
46973880
46991099
46997690
47006675
47008865
47009905
47011206
47018340
47019352
47033388
47049985
47053611
47053985
47058188
47058449
47064163
47068803
47078008
47088765
47097203
47099214
47100549
47104850
47106949
47110436
47112434
47112622
47132232
47134918
47137670
47138330
47144239
47151509
47170478
47171490
47172658
47173463
47183264
47270085
47282746
47291231
47302098
47308158
47313596
47313700
47316540
47329176
47337447
47346282
47347444
47350683
47357249
47358188
47367054
47376953
47376987
47383258
47391451
47401636
47405450
47408341
47415510
47416559
47418758
47419038
47436049
47436863
47440755
47463271
47465433
47466473
47486324
47491103
47491332
47522720
47527482
47534840
47539888
47551069
47551597
47567732
47575316
47583312
47584329
47584647
47593990
47596384
47597398
47600587
47610461
47618168
47619789
47622481
47635418
47636543
47638845
47638974
47647262
47673422
47677487
47683572
47712516
47783296
47790917
47792526
47797801
47802142
47805095
47814055
47822980
47823307
47834165
47853605
47857500
47866193
47868926
47872027
47872715
47875499
47878763
47886177
47890594
47893365
47906757
47907395
47937325
48184515
48262961
48292605
48458267
48586328
48621790
48638086
48749326
48886353
49229493
49292011
49419089
49491848
49505219
49525205
49547423
49558126
49683014
49737445
49766897
49771933
49793328
49795678
49823628
49836386
49846741
49852685
49855148
49855440
49860727
49862151
49866769
49878543
49882235
49888301
49896064
49900139
49903092
49903362
49904549
49910811
49913095
49913283
49926318
49935636
49944112
49945748
49945912
49952258
49952566
49954834
49957790
49972499
49974283
49979068
49988631
49991927
49994371
50044599
50044730
50047294
50048321
50062770
50064073
50066634
50069807
50073595
50078006
50080130
50080623
50092923
50093309
50094434
50095521
50111857
50112649
50113164
50115721
50128482
50140574
50146386
50152638
50155362
50155390
50156609
50159810
50161837
50167853
50171789
50175320
50186143
50186935
50187076
50193318
50202049
50207022
50219645
50223135
50235918
50239556
50244319
50275103
50351727
50358883
50364997
50370931
50373913
50386394
50391886
50392012
50398483
50407207
50409369
50413023
50417179
50427961
50430851
50435353
50449270
50452135
50452798
50454727
50467846
50482059
50482461
50482794
50483316
50494764
50499749
50510421
50517735
50518373
50540166
50544693
50546543
50559072
50559766
50559864
50568104
50574736
50581267
50591968
50592860
50595480
50597481
50601615
50604201
50611618
50625108
50628181
50629368
50643367
50645925
50652271
50654438
50658104
50663665
50664036
50665226
50667005
50670721
50675493
50682954
50683445
50684227
50685810
50701116
50701744
50707120
50716312
50724973
50729657
50733082
50733101
50738290
50740075
50742133
50747404
50750646
50755783
50774246
50787491
50794921
50798091
50806036
50806498
50819959
50830531
50833346
50834005
50838413
50842233
50852384
50856314
50864149
50875575
50878547
50889715
50892301
50895474
50920861
50922438
50926199
50943540
50966807
50968155
50971214
50976140
50991459
50999096
50999413
51003212
51003387
51020418
51027260
51031084
51036899
51039114
51039123
51040292
51041005
51048366
51050716
51059955
51064620
51070231
51087551
51089744
51105219
51106435
51108838
51110478
51111857
51121200
51124163
51124383
51126356
51135457
51136167
51145783
51155092
51163464
51166050
51176480
51176640
51186605
51191695
51195106
51197290
51201858
51207032
51212074
51215203
51215385
51219325
51220739
51233911
51239070
51241473
51243726
51249996
51268651
51287051
51288471
51297774
51299800
51302071
51332985
51336525
51354998
51358557
51359814
51361410
51365230
51369751
51389543
51396724
51397252
51397770
51398411
51400054
51410912
51417333
51426488
51433695
51444709
51457300
51463285
51464831
51470517
51478013
51493944
51494406
51494701
51498763
51500940
51502580
51503410
51513645
51515860
51517192
51520729
51521386
51523352
51523981
51527481
51537424
51538888
51539092
51546308
51547024
51548557
51558237
51563307
51593118
51593598
51593718
51604475
51626676
51636764
51639434
51645111
51659248
51659286
51676738
51678613
51678780
51679235
51680420
51689439
51695358
51695546
51700453
51707365
51709077
51724238
51749334
51762767
51769082
51792235
51795430
51801047
51805194
51838451
51846748
51848052
51862933
51869430
51892867
51925391
51926447
51931137
51969889
51971328
51973313
51973511
51973851
51992798
52003843
52011364
52018417
52061269
52074919
52079135
52105933
52121848
52123635
52125326
52134380
52136362
52144587
52161997
52175965
52179870
52193677
52199750
52200696
52210303
52217063
52218678
52221333
52239381
52267206
52271777
52272729
52277127
52281306
52287444
52299876
52329611
52339092
52339397
52350418
52351228
52385669
52395603
52611418
52755438
53383342
53414513
53459287
53471633
53484536
53485450
53553214
53575912
53581667
53623900
53644191
53647229
53650515
53679170
53684206
53708591
53738584
53738753
53790486
55630957
55632279
55651085
55667641
55676852
55694062
55709195
55716081
55729587
55826103
55826348
55841242
55860023
55886296
56056834
